"MATSZY"
1
7
8
10
17
26
29
31
35
39
49
50
51
53
55
60
61
62
68
71
74
78
81
83
84
94
97
98
99
100
103
108
114
117
118
121
126
128
130
132
133
139
142
147
152
153
159
160
163
167
168
172
174
176
177
179
180
187
189
193
200
201
203
205
207
209
210
213
218
219
220
221
223
227
230
231
232
233
236
241
242
245
248
251
253
254
255
262
263
264
271
273
274
276
277
278
284
286
287
290
291
299
300
301
303
304
308
310
311
313
314
316
317
319
324
327
328
329
330
334
335
336
338
340
342
343
346
347
348
349
350
352
353
359
360
365
368
372
377
378
380
385
386
387
388
389
390
392
394
395
398
399
403
405
407
409
410
411
416
421
424
426
427
429
432
437
441
443
445
447
450
452
456
460
465
467
468
469
472
475
478
479
480
482
483
484
486
493
494
497
498
500
502
504
508
513
516
523
524
530
531
532
537
541
544
552
553
556
558
559
562
566
570
574
578
583
586
589
590
591
593
596
597
598
599
605
607
608
612
617
618
619
621
623
624
628
629
632
636
639
644
651
652
653
658
665
667
670
674
675
676
678
683
690
692
702
703
705
707
708
709
713
714
716
718
719
720
723
727
730
732
734
735
741
743
744
749
750
753
757
761
762
764
767
768
772
777
784
786
788
793
801
803
806
809
810
811
821
824
829
836
837
839
841
842
843
847
849
851
853
858
859
865
867
868
869
873
875
876
879
883
888
889
894
905
906
913
914
918
919
920
922
924
931
932
936
937
939
943
944
946
947
948
949
955
958
960
961
967
968
971
972
980
983
984
988
996
1008
1012
1013
1014
1015
1020
1028
1031
1033
1038
1041
1046
1048
1050
1054
1055
1057
1059
1061
1063
1064
1067
1068
1070
1074
1075
1077
1080
1082
1083
1090
1096
1097
1099
1102
1103
1104
1106
1107
1109
1113
1114
1118
1123
1124
1125
1130
1132
1133
1141
1143
1150
1152
1154
1160
1164
1168
1173
1175
1176
1179
1181
1183
1184
1185
1186
1188
1194
1196
1197
1201
1203
1214
1221
1224
1225
1228
1231
1235
1236
1240
1241
1244
1245
1249
1251
1253
1256
1257
1258
1264
1265
1270
1276
1277
1281
1284
1293
1295
1297
1299
1300
1302
1306
1307
1309
1315
1316
1318
1321
1329
1331
1332
1334
1337
1339
1340
1341
1344
1345
1347
1348
1349
1354
1356
1358
1359
1360
1361
1363
1366
1370
1373
1374
1375
1376
1380
1385
1386
1389
1392
1393
1394
1396
1402
1404
1406
1407
1408
1413
1416
1417
1424
1425
1432
1433
1438
1441
1442
1444
1445
1448
1450
1453
1459
1463
1464
1468
1469
1471
1474
1475
1476
1477
1479
1482
1487
1491
1495
1497
1498
1500
1505
1506
1507
1510
1511
1512
1516
1522
1523
1524
1528
1534
1535
1537
1539
1543
1544
1547
1552
1554
1560
1564
1567
1569
1570
1573
1575
1576
1578
1582
1592
1597
1601
1613
1615
1617
1618
1622
1623
1625
1630
1633
1635
1636
1638
1641
1642
1644
1649
1650
1659
1660
1661
1663
1665
1667
1668
1669
1671
1676
1678
1683
1685
1699
1703
1704
1712
1718
1721
1723
1725
1728
1734
1739
1742
1743
1747
1751
1752
1755
1756
1757
1758
1761
1767
1769
1770
1771
1773
1774
1776
1780
1785
1786
1794
1795
1798
1801
1804
1806
1809
1810
1815
1822
1823
1826
1828
1829
1830
1831
1840
1842
1845
1848
1849
1850
1851
1853
1856
1858
1862
1866
1867
1869
1872
1873
1874
1877
1880
1881
1882
1883
1885
1894
1896
1907
1909
1918
1919
1921
1924
1926
1931
1932
1935
1936
1938
1940
1943
1945
1946
1953
1954
1955
1956
1960
1965
1966
1967
1972
1974
1976
1979
1987
1988
1990
1991
1995
1998
1999
2000
2003
2025
2026
2032
2033
2039
2042
2045
2048
2049
2053
2054
2055
2059
2062
2066
2072
2073
2076
2083
2084
2085
2086
2087
2092
2097
2100
2101
2106
2109
2111
2115
2118
2122
2123
2124
2129
2132
2137
2139
2140
2141
2143
2144
2145
2148
2150
2151
2153
2155
2156
2157
2158
2159
2162
2163
2166
2171
2172
2174
2180
2181
2187
2190
2195
2200
2202
2203
2212
2213
2214
2215
2217
2222
2228
2230
2231
2235
2239
2240
2241
2243
2244
2247
2248
2256
2259
2260
2262
2263
2266
2271
2272
2274
2276
2277
2278
2280
2282
2284
2293
2294
2296
2299
2303
2318
2319
2320
2325
2327
2328
2332
2333
2336
2337
2339
2340
2346
2348
2350
2351
2353
2356
2360
2362
2364
2370
2380
2382
2383
2385
2389
2395
2400
2403
2407
2409
2410
2414
2415
2416
2418
2424
2427
2429
2430
2435
2436
2442
2451
2452
2454
2455
2457
2459
2460
2462
2465
2473
2483
2488
2490
2493
2496
2500
2509
2510
2512
2515
2521
2523
2525
2526
2531
2536
2540
2541
2545
2546
2547
2548
2549
2550
2553
2554
2556
2557
2561
2562
2563
2567
2570
2573
2576
2580
2585
2589
2590
2594
2595
2596
2597
2599
2602
2603
2606
2608
2609
2613
2618
2620
2621
2622
2623
2632
2633
2635
2637
2645
2647
2651
2652
2653
2654
2655
2658
2661
2664
2669
2671
2672
2673
2674
2676
2680
2681
2682
2683
2684
2686
2690
2697
2698
2699
2700
2704
2706
2707
2708
2709
2711
2712
2714
2716
2721
2725
2728
2731
2737
2739
2747
2755
2757
2759
2760
2761
2762
2764
2766
2770
2775
2781
2783
2786
2787
2788
2790
2794
2797
2803
2805
2806
2808
2809
2810
2811
2812
2814
2823
2827
2828
2829
2831
2836
2837
2842
2843
2846
2852
2854
2858
2859
2860
2862
2863
2866
2867
2871
2875
2876
2878
2886
2887
2891
2892
2893
2897
2898
2900
2901
2905
2909
2910
2912
2913
2914
2915
2919
2920
2921
2926
2930
2938
2944
2946
2947
2949
2951
2953
2964
2969
2971
2973
2975
2978
2984
2986
2991
2995
2998
3011
3021
3024
3029
3031
3035
3042
3043
3044
3050
3053
3054
3055
3058
3059
3064
3065
3068
3070
3073
3079
3081
3088
3089
3095
3096
3100
3101
3103
3107
3109
3112
3120
3126
3133
3134
3137
3140
3141
3145
3148
3151
3153
3162
3163
3165
3166
3172
3173
3174
3176
3185
3188
3190
3192
3194
3197
3200
3206
3207
3208
3209
3213
3214
3217
3218
3222
3223
3225
3226
3229
3230
3242
3249
3250
3253
3266
3272
3273
3275
3277
3280
3296
3304
3311
3314
3316
3320
3325
3326
3327
3331
3336
3339
3342
3345
3347
3349
3352
3353
3355
3361
3367
3368
3369
3370
3372
3379
3380
3385
3390
3392
3393
3395
3396
3398
3400
3401
3403
3404
3405
3407
3412
3418
3419
3420
3429
3430
3432
3434
3436
3437
3440
3442
3443
3447
3448
3449
3450
3452
3455
3459
3460
3472
3473
3474
3475
3478
3480
3481
3483
3484
3486
3487
3488
3493
3494
3496
3500
