MATSZY
0.56
0.95
0.12
0.96
0.92
0.06
0.02
0.05
0.01
0.03
0.98
0.82
0.24
0.94
0.33
0.82
0.96
0.9
0.95
1.0
0.1
0.95
0.77
0.75
0.87
0.07
0.97
0.99
0.37
0.73
0.8
0.57
0.21
0.98
0.53
0.98
0.49
1.0
0.22
0.2
0.98
0.06
0.82
0.97
0.17
0.22
0.9
0.3
0.84
0.15
0.42
0.02
0.02
0.02
0.87
0.98
0.32
0.04
0.51
0.94
0.94
0.02
0.07
0.9
0.31
0.12
1.0
0.97
0.9
0.89
0.34
0.27
0.41
1.0
0.89
0.9
0.35
0.08
0.98
0.98
0.25
0.99
0.58
0.79
0.4
0.91
0.21
0.98
0.37
0.7
0.84
0.44
0.25
0.04
0.97
0.12
0.98
0.14
0.56
0.99
0.05
0.19
0.65
0.94
0.99
0.82
0.04
0.95
0.94
0.03
0.71
0.16
0.54
0.2
0.82
0.98
0.03
0.0
0.31
0.78
0.03
0.99
0.17
0.64
0.19
0.15
0.98
0.11
0.04
0.22
0.21
0.21
0.1
0.46
0.05
0.89
0.9
0.98
0.06
0.86
0.89
0.9
0.07
0.96
0.82
0.8
0.04
0.95
0.78
0.02
0.93
0.07
0.85
0.73
0.8
0.08
0.92
0.07
0.94
0.15
0.99
0.03
0.75
0.14
0.56
0.03
0.24
0.03
0.98
1.0
0.77
0.73
0.08
0.46
0.92
0.95
0.83
0.68
0.89
0.05
0.12
0.76
0.1
0.16
0.15
0.91
0.68
0.9
0.86
0.34
0.93
0.66
0.98
0.04
0.91
0.22
0.04
0.02
0.93
0.95
0.79
0.97
0.06
0.82
0.28
0.24
0.99
0.01
0.93
0.35
0.84
0.11
0.99
0.93
0.08
0.2
0.66
0.04
0.97
0.23
0.79
0.58
0.11
0.9
0.15
0.11
0.96
0.63
0.19
0.39
0.04
0.11
0.92
0.02
0.08
0.26
0.21
0.82
0.17
0.73
0.91
0.64
0.04
0.03
0.07
0.65
0.49
0.46
0.91
0.96
0.85
1.0
0.98
0.16
0.89
0.05
0.9
0.72
0.18
0.98
0.95
0.35
0.12
0.58
0.06
0.92
0.09
0.92
0.89
0.45
0.17
0.04
0.7
0.75
0.03
0.06
0.23
0.9
0.98
0.83
0.99
0.91
0.12
0.94
0.13
0.15
0.49
0.77
0.13
0.89
0.04
0.11
0.58
0.84
0.08
0.86
0.86
0.51
0.98
0.19
0.78
0.99
0.36
0.13
0.09
0.2
0.19
0.72
0.37
0.63
0.99
0.98
0.03
0.04
0.6
0.99
0.04
0.04
0.99
0.14
0.05
0.27
0.85
0.16
0.67
0.03
0.51
0.96
0.34
0.4
0.69
0.21
0.04
0.74
0.15
0.96
0.89
0.45
0.72
0.99
0.85
0.99
0.45
0.2
0.04
0.64
0.98
0.91
0.96
0.16
0.63
0.14
0.69
0.08
0.13
0.24
0.93
0.97
0.82
0.2
0.89
0.96
0.92
0.28
0.81
0.05
0.39
0.95
0.09
0.77
0.21
0.19
0.83
0.67
0.13
0.14
0.05
0.92
0.99
0.12
0.86
0.98
0.96
0.2
0.74
0.1
0.23
0.49
0.82
0.33
0.13
0.96
0.85
0.07
0.08
0.22
1.0
0.09
0.81
0.9
0.82
0.93
0.06
0.86
0.92
0.13
0.01
0.33
0.14
0.38
0.01
0.86
0.13
0.01
0.59
0.97
0.67
0.13
0.1
0.08
0.93
0.84
0.97
0.14
0.94
0.06
0.99
1.0
0.1
0.49
0.69
0.08
0.06
0.8
0.11
0.83
0.95
0.93
0.96
0.87
0.07
0.31
0.07
0.88
0.99
0.8
0.67
0.03
0.08
0.0
0.36
0.88
0.08
0.91
0.37
0.52
0.21
0.03
0.95
0.13
0.07
0.84
0.33
0.1
0.72
0.93
0.96
0.12
0.77
0.05
0.86
0.07
0.17
0.82
0.96
0.84
0.9
0.16
0.04
0.9
0.89
0.94
0.48
0.02
0.99
0.88
0.1
0.6
0.95
0.03
0.04
0.45
0.66
0.04
0.08
0.91
0.7
0.79
0.94
0.16
0.7
0.88
0.06
0.02
0.36
0.18
0.03
0.51
0.24
0.83
0.28
0.88
0.72
0.22
0.04
0.07
0.35
0.1
0.06
0.22
0.31
0.04
0.64
0.88
0.67
0.1
0.42
0.94
0.61
0.89
0.52
0.18
0.88
0.29
0.6
0.91
0.39
0.89
0.06
0.79
0.3
0.89
0.06
0.07
0.17
0.12
0.82
0.99
0.92
0.79
0.92
0.02
0.02
0.07
0.9
0.19
0.95
0.88
0.07
0.92
0.89
0.96
0.93
0.02
0.04
0.75
0.04
0.06
0.15
0.06
0.79
0.87
0.13
0.9
0.96
0.13
0.93
0.67
0.9
0.08
0.04
0.08
0.15
0.3
0.7
0.15
0.32
0.13
0.91
0.94
1.0
0.32
0.2
0.13
0.04
0.84
0.14
0.94
0.9
0.1
0.54
0.87
0.06
0.6
0.02
0.09
0.02
0.39
0.98
0.95
0.42
0.89
0.99
0.04
0.8
0.04
0.1
0.28
0.17
0.44
0.1
0.5
0.08
0.32
0.88
0.84
0.94
0.06
0.24
0.19
0.21
0.96
0.74
0.16
0.98
0.89
0.11
0.89
0.92
0.83
0.38
0.98
0.24
0.36
0.52
0.06
0.1
0.66
0.08
0.97
0.07
0.15
0.23
0.86
0.07
0.08
0.33
0.25
0.03
0.77
0.93
0.94
0.84
0.25
0.28
0.18
0.97
0.09
0.25
1.0
0.12
0.43
0.89
0.73
0.08
0.01
0.33
0.95
0.21
0.74
0.1
0.91
0.19
0.99
0.85
0.04
0.8
0.27
0.98
0.79
0.94
0.03
0.96
0.91
0.13
0.06
0.05
0.05
0.88
0.15
0.92
0.07
0.04
0.97
0.09
0.19
0.73
0.9
0.09
0.19
0.86
0.97
0.22
0.14
0.98
0.14
0.21
0.02
0.22
0.95
0.94
0.95
0.97
0.9
0.83
0.72
0.19
0.24
0.99
0.12
0.89
0.74
0.98
0.65
0.03
0.33
0.16
0.95
0.8
0.88
0.05
0.04
0.25
0.21
0.91
0.25
0.84
0.04
0.91
0.03
0.5
0.9
0.05
0.9
0.06
0.73
0.85
0.11
0.89
0.83
0.71
0.38
0.95
0.25
0.95
0.88
0.09
0.96
0.07
0.55
0.12
0.05
0.75
0.99
0.13
0.89
0.05
0.76
0.99
0.08
0.07
0.23
0.39
0.17
0.13
0.82
0.05
0.19
0.09
0.12
0.05
0.05
0.85
0.05
0.93
0.09
0.8
0.79
0.03
0.84
0.48
0.94
0.03
0.2
0.09
0.81
0.95
0.77
0.16
0.12
0.16
0.96
0.28
0.96
0.85
0.89
0.14
0.04
0.06
0.95
0.63
0.71
1.0
0.79
0.16
0.07
0.94
0.18
0.64
0.94
0.17
0.97
0.06
0.56
0.92
0.91
0.06
0.05
0.04
0.93
0.75
0.34
0.14
0.86
0.65
0.78
0.13
0.05
0.88
0.08
0.25
0.01
0.65
0.03
0.97
0.06
0.23
0.75
0.96
0.93
0.1
0.59
0.05
0.14
0.06
0.68
0.78
0.11
0.94
0.9
0.94
0.03
0.22
0.91
0.0
0.76
0.02
0.07
0.99
0.36
0.06
0.09
0.08
0.83
0.69
0.68
0.03
0.85
0.6
0.97
0.03
0.6
0.89
0.78
0.48
0.6
0.84
0.26
0.34
0.02
0.02
0.07
0.05
0.17
0.97
0.65
0.08
0.08
0.82
0.42
0.65
0.78
0.59
0.76
0.04
0.01
0.15
0.01
0.98
0.88
0.79
0.8
0.8
0.05
0.93
0.4
0.75
0.13
0.05
0.14
0.05
0.05
0.1
0.5
0.92
0.13
0.85
0.74
0.88
0.09
0.19
0.49
0.05
0.95
0.07
0.85
0.15
0.82
0.11
0.97
0.62
0.76
0.22
0.04
0.98
0.88
0.09
0.84
0.98
0.84
0.08
0.9
0.08
0.96
0.88
0.02
0.83
0.85
0.92
0.03
0.28
0.95
0.46
0.88
0.05
0.23
0.09
0.87
0.62
0.97
0.79
0.67
0.2
0.74
0.15
0.11
0.87
0.97
0.95
0.17
0.07
0.92
0.13
0.88
0.21
0.08
0.68
0.78
0.02
0.04
